# Datos simulacion fuerza de magnus - Parametros
#velocidad inicial17.3205
#  Omega_z 10,  b:0.3, b20
0.00997404 0.00996906 0.00997405
0.0198965 0.0198766 0.0198965
0.029768 0.0297233 0.029768
0.0395889 0.0395097 0.0395891
0.0493599 0.0492364 0.0493602
0.0590815 0.0589039 0.0590819
0.0687542 0.0685128 0.0687547
0.0783785 0.0780637 0.0783792
0.0879549 0.0875572 0.0879557
0.0974839 0.0969936 0.0974849
0.106966 0.106374 0.106967
0.116401 0.115698 0.116403
0.125791 0.124967 0.125793
0.135135 0.13418 0.135137
0.144434 0.14334 0.144436
0.153689 0.152445 0.153691
0.162899 0.161498 0.162902
0.172065 0.170497 0.172068
0.181188 0.179444 0.181192
0.190269 0.188338 0.190273
0.199307 0.197182 0.199311
0.208302 0.205974 0.208307
0.217256 0.214715 0.217262
0.226169 0.223406 0.226175
0.235041 0.232048 0.235047
0.243873 0.24064 0.243879
0.252664 0.249183 0.252671
0.261416 0.257677 0.261423
0.270129 0.266124 0.270136
0.278802 0.274522 0.27881
0.287437 0.282874 0.287446
0.296033 0.291178 0.296043
0.304592 0.299436 0.304602
0.313113 0.307647 0.313124
0.321597 0.315813 0.321608
0.330044 0.323933 0.330056
0.338455 0.332009 0.338467
0.346829 0.340039 0.346842
0.355167 0.348025 0.355181
0.36347 0.355967 0.363484
0.371738 0.363866 0.371753
0.379971 0.371721 0.379986
0.388169 0.379533 0.388185
0.396332 0.387303 0.396349
0.404462 0.39503 0.404479
0.412558 0.402715 0.412576
0.420621 0.410358 0.420639
0.42865 0.41796 0.428669
0.436646 0.425521 0.436667
0.44461 0.433041 0.444631
0.452542 0.440521 0.452564
0.460442 0.447961 0.460464
0.46831 0.45536 0.468333
0.476146 0.46272 0.47617
0.483951 0.470041 0.483976
0.491725 0.477323 0.491751
0.499469 0.484566 0.499495
0.507182 0.49177 0.507209
0.514865 0.498937 0.514893
0.522518 0.506065 0.522546
0.530141 0.513156 0.530171
0.537735 0.52021 0.537765
0.545299 0.527226 0.54533
0.552835 0.534206 0.552867
0.560341 0.541149 0.560374
0.56782 0.548055 0.567854
0.57527 0.554926 0.575304
0.582692 0.56176 0.582727
0.590086 0.56856 0.590122
0.597452 0.575323 0.597489
0.604791 0.582052 0.604829
0.612103 0.588745 0.612142
0.619388 0.595404 0.619428
0.626646 0.602029 0.626687
0.633877 0.608619 0.633919
0.641082 0.615175 0.641125
0.648261 0.621698 0.648305
0.655414 0.628187 0.655459
0.662542 0.634643 0.662588
0.669644 0.641065 0.66969
0.67672 0.647455 0.676768
0.683771 0.653812 0.68382
0.690797 0.660136 0.690847
0.697799 0.666429 0.69785
0.704776 0.672689 0.704828
0.711728 0.678917 0.711781
0.718656 0.685113 0.71871
0.72556 0.691278 0.725615
0.732441 0.697412 0.732497
0.739297 0.703515 0.739354
0.74613 0.709586 0.746188
0.75294 0.715627 0.752999
0.759726 0.721638 0.759786
0.76649 0.727618 0.766551
0.77323 0.733568 0.773292
0.779948 0.739488 0.780011
0.786643 0.745378 0.786708
0.793316 0.751238 0.793382
0.799967 0.757069 0.800034
0.806596 0.76287 0.806663
0.813203 0.768643 0.813271
0.819788 0.774386 0.819857
0.826351 0.780101 0.826422
0.832893 0.785787 0.832965
0.839414 0.791445 0.839487
0.845914 0.797074 0.845988
0.852392 0.802675 0.852467
0.85885 0.808248 0.858926
0.865287 0.813793 0.865365
0.871704 0.819311 0.871782
0.8781 0.824801 0.87818
0.884476 0.830264 0.884557
0.890831 0.835699 0.890913
0.897167 0.841107 0.89725
0.903483 0.846489 0.903567
0.909779 0.851843 0.909864
0.916056 0.857171 0.916142
0.922313 0.862473 0.9224
0.92855 0.867748 0.928639
0.934769 0.872997 0.934859
0.940968 0.87822 0.941059
0.947149 0.883416 0.947241
0.95331 0.888587 0.953404
0.959453 0.893733 0.959548
0.965578 0.898853 0.965673
0.971683 0.903947 0.97178
0.977771 0.909016 0.977869
0.98384 0.91406 0.98394
0.989891 0.919079 0.989992
0.995925 0.924073 0.996026
1.00194 0.929042 1.00204
1.00794 0.933987 1.00804
1.01392 0.938907 1.01402
1.01988 0.943803 1.01999
1.02582 0.948674 1.02593
1.03175 0.953521 1.03186
1.03766 0.958344 1.03777
1.04356 0.963144 1.04367
1.04943 0.967919 1.04955
1.05529 0.972671 1.05541
1.06114 0.977399 1.06125
1.06696 0.982104 1.06708
1.07277 0.986785 1.07289
1.07856 0.991443 1.07868
1.08434 0.996078 1.08446
1.0901 1.00069 1.09022
1.09585 1.00528 1.09597
1.10157 1.00985 1.1017
1.10729 1.01439 1.10741
1.11298 1.01891 1.11311
1.11866 1.02341 1.11879
1.12433 1.02788 1.12446
1.12998 1.03234 1.13011
1.13561 1.03677 1.13574
1.14123 1.04118 1.14136
1.14683 1.04557 1.14697
1.15242 1.04993 1.15255
1.15799 1.05428 1.15813
1.16355 1.0586 1.16369
1.16909 1.0629 1.16923
1.17462 1.06718 1.17476
1.18014 1.07143 1.18028
1.18563 1.07567 1.18578
1.19112 1.07989 1.19126
1.19659 1.08408 1.19673
1.20204 1.08825 1.20219
1.20748 1.0924 1.20763
1.21291 1.09653 1.21306
1.21832 1.10064 1.21847
1.22372 1.10473 1.22387
1.2291 1.1088 1.22926
1.23447 1.11285 1.23463
1.23983 1.11688 1.23999
1.24517 1.12089 1.24533
1.2505 1.12487 1.25066
1.25582 1.12884 1.25598
1.26112 1.13279 1.26128
1.26641 1.13672 1.26657
1.27168 1.14062 1.27185
1.27694 1.14451 1.27711
1.28219 1.14838 1.28236
1.28743 1.15223 1.28759
1.29265 1.15605 1.29282
1.29786 1.15986 1.29803
1.30306 1.16365 1.30323
1.30824 1.16742 1.30841
1.31341 1.17117 1.31358
1.31857 1.1749 1.31874
1.32371 1.17862 1.32389
1.32884 1.18231 1.32902
1.33396 1.18598 1.33414
1.33907 1.18964 1.33925
1.34417 1.19328 1.34435
1.34925 1.19689 1.34943
1.35432 1.20049 1.3545
1.35938 1.20407 1.35956
1.36442 1.20763 1.36461
1.36946 1.21118 1.36965
1.37448 1.2147 1.37467
1.37949 1.21821 1.37968
1.38449 1.2217 1.38468
1.38948 1.22517 1.38967
1.39445 1.22862 1.39464
1.39941 1.23205 1.39961
1.40437 1.23547 1.40456
1.40931 1.23887 1.4095
1.41423 1.24225 1.41443
1.41915 1.24561 1.41935
1.42406 1.24895 1.42426
1.42895 1.25228 1.42915
1.43383 1.25559 1.43404
1.43871 1.25888 1.43891
1.44357 1.26215 1.44377
1.44842 1.26541 1.44862
1.45325 1.26865 1.45346
1.45808 1.27187 1.45829
1.4629 1.27507 1.46311
1.4677 1.27826 1.46792
1.4725 1.28143 1.47271
1.47728 1.28458 1.4775
1.48206 1.28772 1.48227
1.48682 1.29084 1.48704
1.49157 1.29394 1.49179
1.49631 1.29702 1.49653
1.50104 1.30009 1.50127
1.50576 1.30314 1.50599
1.51048 1.30618 1.5107
1.51518 1.30919 1.5154
1.51986 1.3122 1.52009
1.52454 1.31518 1.52477
1.52921 1.31815 1.52944
1.53387 1.3211 1.5341
1.53852 1.32404 1.53875
1.54316 1.32696 1.54339
1.54779 1.32986 1.54802
1.55241 1.33275 1.55265
1.55702 1.33562 1.55726
1.56162 1.33847 1.56186
1.56621 1.34131 1.56645
1.57079 1.34413 1.57103
1.57536 1.34694 1.5756
1.57992 1.34973 1.58016
1.58447 1.3525 1.58471
1.58901 1.35526 1.58926
1.59354 1.35801 1.59379
1.59806 1.36073 1.59831
1.60258 1.36344 1.60283
1.60708 1.36614 1.60733
1.61158 1.36882 1.61183
1.61606 1.37149 1.61631
1.62054 1.37414 1.62079
1.625 1.37677 1.62526
1.62946 1.37939 1.62972
1.63391 1.38199 1.63417
1.63835 1.38458 1.63861
1.64278 1.38715 1.64304
1.6472 1.38971 1.64746
1.65161 1.39225 1.65187
1.65601 1.39478 1.65628
1.66041 1.39729 1.66067
1.66479 1.39979 1.66506
1.66917 1.40227 1.66944
1.67354 1.40474 1.67381
1.6779 1.40719 1.67817
1.68225 1.40963 1.68252
1.68659 1.41205 1.68686
1.69092 1.41446 1.6912
1.69525 1.41685 1.69553
1.69956 1.41923 1.69984
1.70387 1.42159 1.70415
1.70817 1.42394 1.70845
1.71246 1.42628 1.71275
1.71674 1.4286 1.71703
1.72102 1.4309 1.7213
1.72529 1.43319 1.72557
1.72954 1.43547 1.72983
1.73379 1.43773 1.73408
1.73803 1.43998 1.73832
1.74227 1.44221 1.74256
1.74649 1.44443 1.74679
1.75071 1.44664 1.751
1.75492 1.44883 1.75521
1.75912 1.451 1.75942
1.76331 1.45317 1.76361
1.7675 1.45531 1.7678
1.77167 1.45745 1.77198
1.77584 1.45957 1.77615
1.78001 1.46168 1.78031
1.78416 1.46377 1.78446
1.7883 1.46585 1.78861
1.79244 1.46791 1.79275
1.79657 1.46996 1.79688
1.8007 1.472 1.80101
1.80481 1.47402 1.80512
1.80892 1.47603 1.80923
1.81302 1.47803 1.81333
1.81711 1.48001 1.81743
1.8212 1.48198 1.82151
1.82527 1.48393 1.82559
1.82934 1.48588 1.82966
1.83341 1.4878 1.83373
1.83746 1.48972 1.83778
1.84151 1.49162 1.84183
1.84555 1.49351 1.84587
1.84958 1.49538 1.84991
1.85361 1.49724 1.85394
1.85763 1.49909 1.85796
1.86164 1.50092 1.86197
1.86564 1.50274 1.86598
1.86964 1.50455 1.86997
1.87363 1.50635 1.87397
1.87762 1.50813 1.87795
1.88159 1.50989 1.88193
1.88556 1.51165 1.8859
1.88952 1.51339 1.88986
1.89348 1.51512 1.89382
1.89743 1.51684 1.89777
1.90137 1.51854 1.90171
1.9053 1.52023 1.90564
1.90923 1.52191 1.90957
1.91315 1.52357 1.91349
1.91706 1.52522 1.91741
1.92097 1.52686 1.92132
1.92487 1.52848 1.92522
1.92876 1.5301 1.92911
1.93265 1.5317 1.933
1.93653 1.53328 1.93688
1.9404 1.53486 1.94076
1.94427 1.53642 1.94463
1.94813 1.53797 1.94849
1.95199 1.53951 1.95234
1.95583 1.54103 1.95619
1.95967 1.54254 1.96003
1.96351 1.54404 1.96387
1.96734 1.54553 1.9677
1.97116 1.547 1.97152
1.97497 1.54846 1.97534
1.97878 1.54991 1.97915
1.98258 1.55135 1.98295
1.98638 1.55277 1.98675
1.99017 1.55418 1.99054
1.99395 1.55558 1.99432
1.99773 1.55697 1.9981
2.0015 1.55834 2.00187
2.00526 1.55971 2.00564
2.00902 1.56106 2.0094
2.01277 1.56239 2.01315
2.01652 1.56372 2.0169
2.02026 1.56503 2.02064
2.02399 1.56633 2.02437
2.02772 1.56762 2.0281
2.03144 1.5689 2.03183
2.03516 1.57017 2.03554
2.03887 1.57142 2.03925
2.04257 1.57266 2.04296
2.04627 1.57389 2.04666
2.04996 1.57511 2.05035
2.05364 1.57631 2.05404
2.05732 1.57751 2.05772
2.061 1.57869 2.06139
2.06467 1.57986 2.06506
2.06833 1.58101 2.06872
2.07198 1.58216 2.07238
2.07563 1.58329 2.07603
2.07928 1.58442 2.07968
2.08292 1.58553 2.08332
2.08655 1.58663 2.08695
2.09018 1.58771 2.09058
2.0938 1.58879 2.09421
2.09742 1.58985 2.09782
2.10103 1.5909 2.10143
2.10463 1.59194 2.10504
2.10823 1.59297 2.10864
2.11182 1.59399 2.11223
2.11541 1.595 2.11582
2.11899 1.59599 2.11941
2.12257 1.59697 2.12299
2.12614 1.59794 2.12656
2.12971 1.5989 2.13012
2.13327 1.59985 2.13369
2.13682 1.60079 2.13724
2.14037 1.60171 2.14079
2.14392 1.60263 2.14434
2.14745 1.60353 2.14788
2.15099 1.60442 2.15141
2.15452 1.6053 2.15494
2.15804 1.60617 2.15846
2.16156 1.60702 2.16198
2.16507 1.60787 2.1655
2.16857 1.6087 2.169
2.17207 1.60953 2.17251
2.17557 1.61034 2.176
2.17906 1.61114 2.17949
2.18255 1.61193 2.18298
2.18603 1.61271 2.18646
2.1895 1.61347 2.18994
2.19297 1.61423 2.19341
2.19644 1.61498 2.19688
2.1999 1.61571 2.20034
2.20335 1.61643 2.20379
2.2068 1.61714 2.20724
2.21024 1.61784 2.21069
2.21368 1.61853 2.21413
2.21712 1.61921 2.21756
2.22054 1.61988 2.22099
2.22397 1.62054 2.22442
2.22739 1.62118 2.22784
2.2308 1.62182 2.23125
2.23421 1.62244 2.23466
2.23761 1.62305 2.23807
2.24101 1.62366 2.24147
2.24441 1.62425 2.24486
2.2478 1.62483 2.24825
2.25118 1.6254 2.25164
2.25456 1.62596 2.25502
2.25793 1.6265 2.25839
2.2613 1.62704 2.26177
2.26467 1.62757 2.26513
2.26803 1.62808 2.26849
2.27138 1.62859 2.27185
2.27473 1.62908 2.2752
2.27808 1.62956 2.27855
2.28142 1.63004 2.28189
2.28476 1.6305 2.28523
2.28809 1.63095 2.28856
2.29141 1.63139 2.29189
2.29474 1.63182 2.29521
2.29805 1.63224 2.29853
2.30136 1.63265 2.30184
2.30467 1.63305 2.30515
2.30798 1.63344 2.30845
2.31127 1.63381 2.31175
2.31457 1.63418 2.31505
2.31786 1.63454 2.31834
2.32114 1.63488 2.32162
2.32442 1.63522 2.3249
2.3277 1.63554 2.32818
2.33097 1.63586 2.33145
2.33423 1.63616 2.33472
2.3375 1.63645 2.33798
2.34075 1.63674 2.34124
2.34401 1.63701 2.3445
2.34725 1.63727 2.34775
2.3505 1.63752 2.35099
2.35374 1.63777 2.35423
2.35697 1.638 2.35747
2.3602 1.63822 2.3607
2.36343 1.63843 2.36393
2.36665 1.63863 2.36715
2.36987 1.63882 2.37037
2.37308 1.639 2.37358
2.37629 1.63917 2.37679
2.37949 1.63933 2.37999
2.38269 1.63948 2.3832
2.38589 1.63962 2.38639
2.38908 1.63975 2.38958
2.39227 1.63987 2.39277
2.39545 1.63997 2.39596
2.39863 1.64007 2.39913
2.4018 1.64016 2.40231
2.40497 1.64024 2.40548
2.40813 1.64031 2.40865
2.4113 1.64036 2.41181
2.41445 1.64041 2.41497
2.4176 1.64045 2.41812
2.42075 1.64048 2.42127
2.4239 1.6405 2.42441
2.42704 1.6405 2.42756
2.43017 1.6405 2.43069
2.4333 1.64049 2.43383
2.43643 1.64047 2.43695
2.43955 1.64043 2.44008
2.44267 1.64039 2.4432
2.44579 1.64034 2.44631
2.4489 1.64028 2.44943
2.45201 1.64021 2.45253
2.45511 1.64012 2.45564
2.45821 1.64003 2.45874
2.4613 1.63993 2.46183
2.46439 1.63982 2.46492
2.46748 1.6397 2.46801
2.47056 1.63957 2.4711
2.47364 1.63943 2.47417
2.47671 1.63928 2.47725
2.47978 1.63912 2.48032
2.48285 1.63895 2.48339
2.48591 1.63877 2.48645
2.48897 1.63858 2.48951
2.49203 1.63838 2.49257
2.49508 1.63817 2.49562
2.49812 1.63795 2.49867
2.50117 1.63772 2.50171
2.5042 1.63748 2.50475
2.50724 1.63723 2.50779
2.51027 1.63697 2.51082
2.5133 1.63671 2.51384
2.51632 1.63643 2.51687
2.51934 1.63614 2.51989
2.52235 1.63585 2.52291
2.52537 1.63554 2.52592
2.52837 1.63522 2.52893
2.53138 1.6349 2.53193
2.53438 1.63456 2.53493
2.53737 1.63422 2.53793
2.54036 1.63387 2.54092
2.54335 1.6335 2.54391
2.54634 1.63313 2.5469
2.54932 1.63275 2.54988
2.55229 1.63235 2.55286
2.55527 1.63195 2.55583
2.55824 1.63154 2.5588
2.5612 1.63112 2.56177
2.56417 1.63069 2.56473
2.56712 1.63025 2.56769
2.57008 1.6298 2.57065
2.57303 1.62935 2.5736
2.57598 1.62888 2.57655
2.57892 1.6284 2.57949
2.58186 1.62791 2.58243
2.58479 1.62742 2.58537
2.58773 1.62691 2.5883
2.59066 1.6264 2.59123
2.59358 1.62587 2.59416
2.5965 1.62534 2.59708
2.59942 1.6248 2.6
2.60233 1.62425 2.60291
2.60524 1.62368 2.60582
2.60815 1.62311 2.60873
2.61105 1.62253 2.61164
2.61395 1.62195 2.61454
2.61685 1.62135 2.61743
2.61974 1.62074 2.62033
2.62263 1.62012 2.62322
2.62551 1.6195 2.6261
2.6284 1.61886 2.62898
2.63127 1.61822 2.63186
2.63415 1.61756 2.63474
2.63702 1.6169 2.63761
2.63989 1.61623 2.64048
2.64275 1.61555 2.64334
2.64561 1.61486 2.6462
2.64847 1.61416 2.64906
2.65132 1.61345 2.65192
2.65417 1.61273 2.65477
2.65702 1.612 2.65761
2.65986 1.61127 2.66046
2.6627 1.61052 2.6633
2.66553 1.60977 2.66614
2.66837 1.609 2.66897
2.6712 1.60823 2.6718
2.67402 1.60745 2.67462
2.67684 1.60666 2.67745
2.67966 1.60586 2.68027
2.68248 1.60505 2.68308
2.68529 1.60423 2.6859
2.6881 1.60341 2.6887
2.6909 1.60257 2.69151
2.6937 1.60173 2.69431
2.6965 1.60087 2.69711
2.6993 1.60001 2.69991
2.70209 1.59914 2.7027
2.70487 1.59826 2.70549
2.70766 1.59737 2.70827
2.71044 1.59647 2.71106
2.71322 1.59557 2.71383
2.71599 1.59465 2.71661
2.71876 1.59372 2.71938
2.72153 1.59279 2.72215
2.72429 1.59185 2.72492
2.72706 1.5909 2.72768
2.72981 1.58994 2.73044
2.73257 1.58897 2.73319
2.73532 1.58799 2.73594
2.73807 1.587 2.73869
2.74081 1.58601 2.74144
2.74355 1.585 2.74418
2.74629 1.58399 2.74692
2.74902 1.58297 2.74965
2.75176 1.58194 2.75239
2.75448 1.5809 2.75511
2.75721 1.57985 2.75784
2.75993 1.57879 2.76056
2.76265 1.57773 2.76328
2.76536 1.57665 2.766
2.76807 1.57557 2.76871
2.77078 1.57448 2.77142
2.77349 1.57338 2.77412
2.77619 1.57227 2.77683
2.77889 1.57115 2.77953
2.78158 1.57002 2.78222
2.78428 1.56889 2.78492
2.78697 1.56774 2.78761
2.78965 1.56659 2.79029
2.79233 1.56543 2.79298
2.79501 1.56426 2.79566
2.79769 1.56308 2.79834
2.80036 1.56189 2.80101
2.80303 1.5607 2.80368
2.8057 1.55949 2.80635
2.80836 1.55828 2.80901
2.81102 1.55706 2.81167
2.81368 1.55583 2.81433
2.81634 1.55459 2.81699
2.81899 1.55335 2.81964
2.82163 1.55209 2.82229
2.82428 1.55083 2.82493
2.82692 1.54955 2.82758
2.82956 1.54827 2.83022
2.8322 1.54698 2.83285
2.83483 1.54569 2.83548
2.83746 1.54438 2.83811
2.84008 1.54307 2.84074
2.84271 1.54174 2.84337
2.84533 1.54041 2.84599
2.84794 1.53907 2.8486
2.85056 1.53772 2.85122
2.85317 1.53637 2.85383
2.85577 1.535 2.85644
2.85838 1.53363 2.85904
2.86098 1.53225 2.86165
2.86358 1.53085 2.86424
2.86617 1.52946 2.86684
2.86877 1.52805 2.86943
2.87135 1.52663 2.87202
2.87394 1.52521 2.87461
2.87652 1.52378 2.87719
2.8791 1.52234 2.87978
2.88168 1.52089 2.88235
2.88425 1.51943 2.88493
2.88683 1.51797 2.8875
2.88939 1.51649 2.89007
2.89196 1.51501 2.89263
2.89452 1.51352 2.8952
2.89708 1.51202 2.89776
2.89963 1.51052 2.90031
2.90219 1.509 2.90287
2.90474 1.50748 2.90542
2.90728 1.50595 2.90796
2.90983 1.50441 2.91051
2.91237 1.50286 2.91305
2.91491 1.50131 2.91559
2.91744 1.49974 2.91813
2.91997 1.49817 2.92066
2.9225 1.49659 2.92319
2.92503 1.495 2.92571
2.92755 1.4934 2.92824
2.93007 1.4918 2.93076
2.93259 1.49019 2.93328
2.9351 1.48857 2.93579
2.93761 1.48694 2.9383
2.94012 1.4853 2.94081
2.94263 1.48366 2.94332
2.94513 1.482 2.94582
2.94763 1.48034 2.94832
2.95013 1.47867 2.95082
2.95262 1.47699 2.95331
2.95511 1.47531 2.95581
2.9576 1.47362 2.95829
2.96008 1.47191 2.96078
2.96257 1.47021 2.96326
2.96504 1.46849 2.96574
2.96752 1.46676 2.96822
2.96999 1.46503 2.97069
2.97246 1.46329 2.97317
2.97493 1.46154 2.97563
2.9774 1.45978 2.9781
2.97986 1.45802 2.98056
2.98232 1.45624 2.98302
2.98477 1.45446 2.98548
2.98723 1.45267 2.98793
2.98968 1.45088 2.99038
2.99212 1.44907 2.99283
2.99457 1.44726 2.99528
2.99701 1.44544 2.99772
2.99945 1.44361 3.00016
3.00188 1.44177 3.00259
3.00432 1.43993 3.00503
3.00675 1.43808 3.00746
3.00918 1.43622 3.00989
3.0116 1.43435 3.01231
3.01402 1.43248 3.01473
3.01644 1.43059 3.01715
3.01886 1.4287 3.01957
3.02127 1.4268 3.02198
3.02368 1.4249 3.0244
3.02609 1.42298 3.0268
3.02849 1.42106 3.02921
3.03089 1.41913 3.03161
3.03329 1.41719 3.03401
3.03569 1.41525 3.03641
3.03808 1.4133 3.0388
3.04047 1.41134 3.04119
3.04286 1.40937 3.04358
3.04525 1.40739 3.04597
3.04763 1.40541 3.04835
3.05001 1.40342 3.05073
3.05238 1.40142 3.05311
3.05476 1.39941 3.05548
3.05713 1.3974 3.05786
3.0595 1.39537 3.06023
3.06186 1.39334 3.06259
3.06423 1.39131 3.06495
3.06659 1.38926 3.06732
3.06894 1.38721 3.06967
3.0713 1.38515 3.07203
3.07365 1.38308 3.07438
3.076 1.38101 3.07673
3.07834 1.37893 3.07908
3.08069 1.37684 3.08142
3.08303 1.37474 3.08376
3.08537 1.37263 3.0861
3.0877 1.37052 3.08844
3.09003 1.3684 3.09077
3.09236 1.36627 3.0931
3.09469 1.36414 3.09543
3.09702 1.36199 3.09775
3.09934 1.35984 3.10008
3.10166 1.35769 3.10239
3.10397 1.35552 3.10471
3.10628 1.35335 3.10703
3.1086 1.35117 3.10934
3.1109 1.34898 3.11165
3.11321 1.34679 3.11395
3.11551 1.34458 3.11625
3.11781 1.34237 3.11855
3.12011 1.34016 3.12085
3.1224 1.33793 3.12315
3.12469 1.3357 3.12544
3.12698 1.33346 3.12773
3.12927 1.33121 3.13002
3.13155 1.32896 3.1323
3.13383 1.3267 3.13458
3.13611 1.32443 3.13686
3.13839 1.32216 3.13914
3.14066 1.31987 3.14141
3.14293 1.31758 3.14368
3.1452 1.31528 3.14595
3.14746 1.31298 3.14821
3.14972 1.31067 3.15048
3.15198 1.30835 3.15274
3.15424 1.30602 3.15499
3.15649 1.30369 3.15725
3.15874 1.30134 3.1595
3.16099 1.299 3.16175
3.16324 1.29664 3.164
3.16548 1.29428 3.16624
3.16772 1.29191 3.16848
3.16996 1.28953 3.17072
3.1722 1.28715 3.17295
3.17443 1.28475 3.17519
3.17666 1.28236 3.17742
3.17889 1.27995 3.17965
3.18111 1.27754 3.18187
3.18333 1.27512 3.18409
3.18555 1.27269 3.18631
3.18777 1.27025 3.18853
3.18998 1.26781 3.19075
3.19219 1.26536 3.19296
3.1944 1.26291 3.19517
3.19661 1.26045 3.19737
3.19881 1.25798 3.19958
3.20101 1.2555 3.20178
3.20321 1.25302 3.20398
3.20541 1.25053 3.20618
3.2076 1.24803 3.20837
3.20979 1.24552 3.21056
3.21198 1.24301 3.21275
3.21416 1.24049 3.21493
3.21635 1.23797 3.21712
3.21853 1.23543 3.2193
3.2207 1.23289 3.22148
3.22288 1.23035 3.22365
3.22505 1.22779 3.22582
3.22722 1.22523 3.228
3.22939 1.22266 3.23016
3.23155 1.22009 3.23233
3.23371 1.21751 3.23449
3.23587 1.21492 3.23665
3.23803 1.21232 3.23881
3.24018 1.20972 3.24096
3.24234 1.20711 3.24311
3.24448 1.2045 3.24526
3.24663 1.20187 3.24741
3.24877 1.19925 3.24955
3.25092 1.19661 3.2517
3.25305 1.19397 3.25383
3.25519 1.19132 3.25597
3.25732 1.18866 3.25811
3.25945 1.186 3.26024
3.26158 1.18333 3.26237
3.26371 1.18065 3.26449
3.26583 1.17796 3.26662
3.26795 1.17527 3.26874
3.27007 1.17258 3.27086
3.27219 1.16987 3.27297
3.2743 1.16716 3.27508
3.27641 1.16444 3.2772
3.27852 1.16172 3.2793
3.28062 1.15899 3.28141
3.28272 1.15625 3.28351
3.28483 1.15351 3.28561
3.28692 1.15076 3.28771
3.28902 1.148 3.28981
3.29111 1.14523 3.2919
3.2932 1.14246 3.29399
3.29529 1.13968 3.29608
3.29737 1.1369 3.29816
3.29945 1.13411 3.30025
3.30153 1.13131 3.30233
3.30361 1.12851 3.3044
3.30569 1.1257 3.30648
3.30776 1.12288 3.30855
3.30983 1.12006 3.31062
3.3119 1.11723 3.31269
3.31396 1.11439 3.31476
3.31602 1.11155 3.31682
3.31808 1.1087 3.31888
3.32014 1.10584 3.32094
3.32219 1.10298 3.32299
3.32425 1.10011 3.32504
3.3263 1.09723 3.32709
3.32834 1.09435 3.32914
3.33039 1.09146 3.33119
3.33243 1.08857 3.33323
3.33447 1.08566 3.33527
3.33651 1.08276 3.33731
3.33854 1.07984 3.33934
3.34057 1.07692 3.34137
3.3426 1.07399 3.3434
3.34463 1.07106 3.34543
3.34665 1.06812 3.34746
3.34868 1.06517 3.34948
3.3507 1.06222 3.3515
3.35271 1.05926 3.35352
3.35473 1.0563 3.35553
3.35674 1.05332 3.35754
3.35875 1.05035 3.35955
3.36076 1.04736 3.36156
3.36276 1.04437 3.36357
3.36476 1.04137 3.36557
3.36676 1.03837 3.36757
3.36876 1.03536 3.36957
3.37075 1.03234 3.37156
3.37275 1.02932 3.37355
3.37474 1.02629 3.37555
3.37672 1.02326 3.37753
3.37871 1.02022 3.37952
3.38069 1.01717 3.3815
3.38267 1.01412 3.38348
3.38465 1.01106 3.38546
3.38662 1.00799 3.38743
3.3886 1.00492 3.38941
3.39057 1.00184 3.39138
3.39253 0.998756 3.39335
3.3945 0.995666 3.39531
3.39646 0.992569 3.39728
3.39842 0.989466 3.39924
3.40038 0.986357 3.40119
3.40234 0.983242 3.40315
3.40429 0.980121 3.4051
3.40624 0.976994 3.40705
3.40819 0.973861 3.409
3.41013 0.970721 3.41095
3.41208 0.967576 3.41289
3.41402 0.964424 3.41483
3.41596 0.961267 3.41677
3.41789 0.958103 3.41871
3.41983 0.954934 3.42064
3.42176 0.951758 3.42258
3.42369 0.948576 3.4245
3.42561 0.945389 3.42643
3.42754 0.942195 3.42836
3.42946 0.938996 3.43028
3.43138 0.93579 3.4322
3.43329 0.932579 3.43411
3.43521 0.929361 3.43603
3.43712 0.926138 3.43794
3.43903 0.922909 3.43985
3.44094 0.919673 3.44176
3.44284 0.916432 3.44366
3.44474 0.913185 3.44556
3.44664 0.909932 3.44746
3.44854 0.906673 3.44936
3.45043 0.903409 3.45126
3.45233 0.900138 3.45315
3.45422 0.896862 3.45504
3.4561 0.89358 3.45693
3.45799 0.890292 3.45881
3.45987 0.886998 3.4607
3.46175 0.883698 3.46258
3.46363 0.880393 3.46446
3.46551 0.877081 3.46633
3.46738 0.873764 3.46821
3.46925 0.870441 3.47008
3.47112 0.867113 3.47195
3.47299 0.863778 3.47381
3.47485 0.860438 3.47568
3.47671 0.857093 3.47754
3.47857 0.853741 3.4794
3.48043 0.850384 3.48126
3.48228 0.847021 3.48311
3.48413 0.843652 3.48496
3.48598 0.840278 3.48681
3.48783 0.836898 3.48866
3.48968 0.833512 3.49051
3.49152 0.830121 3.49235
3.49336 0.826724 3.49419
3.4952 0.823321 3.49603
3.49703 0.819913 3.49786
3.49887 0.816499 3.4997
3.5007 0.81308 3.50153
3.50252 0.809655 3.50336
3.50435 0.806224 3.50518
3.50617 0.802788 3.50701
3.508 0.799346 3.50883
3.50981 0.795899 3.51065
3.51163 0.792446 3.51247
3.51345 0.788987 3.51428
3.51526 0.785523 3.51609
3.51707 0.782054 3.5179
3.51887 0.778579 3.51971
3.52068 0.775098 3.52151
3.52248 0.771612 3.52332
3.52428 0.768121 3.52512
3.52608 0.764624 3.52692
3.52788 0.761122 3.52871
3.52967 0.757614 3.53051
3.53146 0.7541 3.5323
3.53325 0.750582 3.53409
3.53504 0.747058 3.53587
3.53682 0.743528 3.53766
3.5386 0.739993 3.53944
3.54038 0.736453 3.54122
3.54216 0.732907 3.543
3.54393 0.729356 3.54477
3.5457 0.725799 3.54654
3.54747 0.722238 3.54831
3.54924 0.71867 3.55008
3.55101 0.715098 3.55185
3.55277 0.71152 3.55361
3.55453 0.707937 3.55537
3.55629 0.704348 3.55713
3.55805 0.700755 3.55889
3.5598 0.697156 3.56064
3.56155 0.693551 3.56239
3.5633 0.689942 3.56414
3.56505 0.686327 3.56589
3.56679 0.682707 3.56764
3.56854 0.679082 3.56938
3.57028 0.675451 3.57112
3.57201 0.671815 3.57286
3.57375 0.668174 3.57459
3.57548 0.664528 3.57633
3.57721 0.660877 3.57806
3.57894 0.65722 3.57979
3.58067 0.653558 3.58151
3.58239 0.649892 3.58324
3.58412 0.646219 3.58496
3.58584 0.642542 3.58668
3.58755 0.63886 3.5884
3.58927 0.635173 3.59011
3.59098 0.63148 3.59183
3.59269 0.627782 3.59354
3.5944 0.62408 3.59524
3.59611 0.620372 3.59695
3.59781 0.616659 3.59866
3.59951 0.612941 3.60036
3.60121 0.609218 3.60206
3.60291 0.60549 3.60375
3.6046 0.601757 3.60545
3.6063 0.598018 3.60714
3.60799 0.594275 3.60883
3.60967 0.590527 3.61052
3.61136 0.586774 3.61221
3.61304 0.583016 3.61389
3.61472 0.579253 3.61557
3.6164 0.575485 3.61725
3.61808 0.571711 3.61893
3.61975 0.567933 3.6206
3.62143 0.56415 3.62227
3.6231 0.560362 3.62394
3.62477 0.55657 3.62561
3.62643 0.552772 3.62728
3.62809 0.548969 3.62894
3.62976 0.545162 3.6306
3.63141 0.541349 3.63226
3.63307 0.537532 3.63392
3.63473 0.53371 3.63557
3.63638 0.529883 3.63723
3.63803 0.526051 3.63888
3.63968 0.522214 3.64052
3.64132 0.518373 3.64217
3.64296 0.514526 3.64381
3.64461 0.510675 3.64545
3.64624 0.506819 3.64709
3.64788 0.502958 3.64873
3.64952 0.499093 3.65037
3.65115 0.495222 3.652
3.65278 0.491347 3.65363
3.65441 0.487467 3.65526
3.65603 0.483583 3.65688
3.65766 0.479693 3.65851
3.65928 0.475799 3.66013
3.6609 0.471901 3.66175
3.66251 0.467997 3.66336
3.66413 0.464089 3.66498
3.66574 0.460176 3.66659
3.66735 0.456258 3.6682
3.66896 0.452336 3.66981
3.67057 0.448409 3.67142
3.67217 0.444478 3.67302
3.67377 0.440542 3.67462
3.67537 0.436601 3.67622
3.67697 0.432655 3.67782
3.67856 0.428705 3.67941
3.68016 0.424751 3.68101
3.68175 0.420791 3.6826
3.68333 0.416827 3.68419
3.68492 0.412859 3.68577
3.68651 0.408886 3.68736
3.68809 0.404908 3.68894
3.68967 0.400926 3.69052
3.69125 0.39694 3.6921
3.69282 0.392948 3.69367
3.69439 0.388953 3.69525
3.69597 0.384952 3.69682
3.69753 0.380948 3.69839
3.6991 0.376938 3.69995
3.70067 0.372925 3.70152
3.70223 0.368907 3.70308
3.70379 0.364884 3.70464
3.70535 0.360857 3.7062
3.7069 0.356825 3.70776
3.70846 0.352789 3.70931
3.71001 0.348749 3.71086
3.71156 0.344704 3.71241
3.71311 0.340655 3.71396
3.71465 0.336601 3.71551
3.7162 0.332543 3.71705
3.71774 0.32848 3.71859
3.71928 0.324413 3.72013
3.72081 0.320342 3.72167
3.72235 0.316267 3.7232
3.72388 0.312187 3.72474
3.72541 0.308102 3.72627
3.72694 0.304014 3.72779
3.72847 0.299921 3.72932
3.72999 0.295824 3.73085
3.73151 0.291722 3.73237
3.73303 0.287616 3.73389
3.73455 0.283506 3.73541
3.73607 0.279392 3.73692
3.73758 0.275273 3.73843
3.73909 0.27115 3.73995
3.7406 0.267023 3.74146
3.74211 0.262891 3.74296
3.74362 0.258756 3.74447
3.74512 0.254616 3.74597
3.74662 0.250472 3.74747
3.74812 0.246323 3.74897
3.74962 0.242171 3.75047
3.75111 0.238014 3.75196
3.7526 0.233853 3.75346
3.7541 0.229688 3.75495
3.75558 0.225519 3.75644
3.75707 0.221345 3.75792
3.75855 0.217168 3.75941
3.76004 0.212986 3.76089
3.76152 0.2088 3.76237
3.763 0.20461 3.76385
3.76447 0.200416 3.76532
3.76595 0.196218 3.7668
3.76742 0.192016 3.76827
3.76889 0.18781 3.76974
3.77036 0.183599 3.77121
3.77182 0.179385 3.77267
3.77329 0.175166 3.77414
3.77475 0.170944 3.7756
3.77621 0.166717 3.77706
3.77766 0.162486 3.77852
3.77912 0.158252 3.77997
3.78057 0.154013 3.78142
3.78202 0.14977 3.78288
3.78347 0.145524 3.78433
3.78492 0.141273 3.78577
3.78637 0.137018 3.78722
3.78781 0.13276 3.78866
3.78925 0.128497 3.7901
3.79069 0.12423 3.79154
3.79213 0.11996 3.79298
3.79356 0.115685 3.79441
3.79499 0.111407 3.79585
3.79643 0.107125 3.79728
3.79785 0.102839 3.79871
3.79928 0.0985484 3.80013
3.80071 0.0942544 3.80156
3.80213 0.0899565 3.80298
3.80355 0.0856548 3.8044
3.80497 0.0813491 3.80582
3.80639 0.0770396 3.80724
3.8078 0.0727263 3.80865
3.80921 0.0684091 3.81006
3.81062 0.064088 3.81147
3.81203 0.0597632 3.81288
3.81344 0.0554345 3.81429
3.81484 0.051102 3.81569
3.81625 0.0467657 3.8171
3.81765 0.0424256 3.8185
3.81905 0.0380817 3.8199
3.82044 0.0337341 3.82129
3.82184 0.0293827 3.82269
3.82323 0.0250275 3.82408
3.82462 0.0206685 3.82547
3.82601 0.0163059 3.82686
3.8274 0.0119394 3.82825
3.82878 0.00756931 3.82963
3.83016 0.00319545 3.83101
3.83155 -0.00118212 3.83239
